The size of this dataset is 2000.0

Showing results for w2v and log Model
Training Accuarcy: 0.440
Test Accuracy 0.415
              precision    recall  f1-score   support

    Negative       0.32      0.20      0.24        46
    Positive       0.45      0.54      0.49        80
     Neutral       0.40      0.42      0.41        74

    accuracy                           0.41       200
   macro avg       0.39      0.38      0.38       200
weighted avg       0.40      0.41      0.40       200

![](../plots/plot_acc_20230817-1556.png)
Confidence for each prediction: [[0.33333258 0.33350699 0.33316043]
 [0.33336616 0.33336707 0.33326677]
 [0.33332455 0.33350706 0.33316839]
 [0.33339068 0.33329781 0.3333115 ]
 [0.33332486 0.33328463 0.33339051]
 [0.3333017  0.33343837 0.33325993]
 [0.33337788 0.33327868 0.33334344]
 [0.33334903 0.33321466 0.33343631]
 [0.33337129 0.33337477 0.33325394]
 [0.33334272 0.3333621  0.33329518]
 [0.33325166 0.3333535  0.33339485]
 [0.33336654 0.3333146  0.33331886]
 [0.33328608 0.33334181 0.33337211]
 [0.33328932 0.33348672 0.33322396]
 [0.33331125 0.33342871 0.33326004]
 [0.33328862 0.33345622 0.33325515]
 [0.33335469 0.33326012 0.33338518]
 [0.33327594 0.3335259  0.33319816]
 [0.33331573 0.33346889 0.33321538]
 [0.33328404 0.33335059 0.33336537]
 [0.33325358 0.33337537 0.33337105]
 [0.33332762 0.3334504  0.33322199]
 [0.33334856 0.33327583 0.33337562]
 [0.33329317 0.33334877 0.33335807]
 [0.33331592 0.33339344 0.33329063]
 [0.33321614 0.33360306 0.3331808 ]
 [0.33331776 0.33337769 0.33330455]
 [0.33330021 0.33350725 0.33319254]
 [0.33332758 0.33323784 0.33343458]
 [0.3332446  0.33334643 0.33340897]
 [0.33331205 0.33329784 0.33339011]
 [0.33335585 0.33334872 0.33329544]
 [0.33322916 0.33327106 0.33349978]
 [0.33329096 0.33346668 0.33324236]
 [0.33326093 0.33347844 0.33326063]
 [0.33334628 0.33334041 0.33331331]
 [0.33334407 0.33331287 0.33334305]
 [0.33330963 0.33339494 0.33329543]
 [0.33351572 0.33339979 0.33308449]
 [0.33324651 0.33347733 0.33327616]
 [0.33329957 0.33341509 0.33328534]
 [0.33323994 0.33342395 0.3333361 ]
 [0.33330919 0.33337133 0.33331948]
 [0.33331296 0.33341478 0.33327226]
 [0.33332022 0.33341842 0.33326137]
 [0.33338167 0.33333086 0.33328747]
 [0.33325868 0.33341929 0.33332203]
 [0.33331386 0.33334523 0.33334092]
 [0.33329536 0.33323668 0.33346795]
 [0.33333179 0.3333672  0.333301  ]
 [0.33335309 0.33331474 0.33333217]
 [0.33330624 0.33344781 0.33324595]
 [0.33328404 0.33334768 0.33336828]
 [0.33328776 0.33335469 0.33335755]
 [0.33333292 0.33326847 0.33339861]
 [0.33328747 0.33333423 0.3333783 ]
 [0.33329301 0.33336847 0.33333852]
 [0.33326051 0.33336111 0.33337838]
 [0.3333086  0.33334657 0.33334483]
 [0.33337148 0.33333991 0.3332886 ]
 [0.33334975 0.33306656 0.33358369]
 [0.33326917 0.333547   0.33318383]
 [0.3332356  0.33350469 0.33325971]
 [0.3333951  0.3332809  0.33332401]
 [0.33333518 0.33340445 0.33326037]
 [0.33329011 0.33347362 0.33323627]
 [0.3333826  0.33310866 0.33350874]
 [0.33325159 0.33344351 0.3333049 ]
 [0.33340407 0.33317309 0.33342284]
 [0.33330762 0.33328003 0.33341236]
 [0.33337341 0.33331881 0.33330778]
 [0.33328644 0.33344502 0.33326854]
 [0.33338414 0.33319845 0.33341741]
 [0.33327719 0.33327299 0.33344982]
 [0.33332595 0.33344556 0.33322849]
 [0.33328922 0.33332359 0.33338719]
 [0.33330907 0.3332801  0.33341083]
 [0.3332615  0.3334205  0.333318  ]
 [0.3332907  0.33333838 0.33337092]
 [0.3333308  0.33333857 0.33333063]
 [0.33332129 0.33331462 0.33336409]
 [0.33327445 0.3332198  0.33350575]
 [0.33333589 0.33344375 0.33322036]
 [0.33330622 0.33320265 0.33349112]
 [0.33331714 0.33328696 0.3333959 ]
 [0.33333345 0.33342349 0.33324306]
 [0.33337213 0.33327992 0.33334795]
 [0.33327175 0.33364166 0.33308659]
 [0.33328823 0.33329802 0.33341375]
 [0.33335718 0.33333855 0.33330426]
 [0.33326877 0.33326657 0.33346466]
 [0.33339448 0.33335129 0.33325422]
 [0.33333975 0.33341773 0.33324252]
 [0.33329581 0.33333702 0.33336718]
 [0.33352536 0.33300565 0.33346899]
 [0.33334148 0.33342646 0.33323206]
 [0.3333223  0.33329814 0.33337956]
 [0.33331856 0.33338945 0.33329199]
 [0.33330769 0.33337454 0.33331777]
 [0.3333569  0.33329695 0.33334616]
 [0.3333222  0.33331647 0.33336133]
 [0.33332927 0.33330579 0.33336494]
 [0.333314   0.33337878 0.33330723]
 [0.3333416  0.3333503  0.33330809]
 [0.33336778 0.33333672 0.3332955 ]
 [0.33331737 0.33344673 0.3332359 ]
 [0.33333518 0.33337081 0.33329401]
 [0.33325658 0.33356201 0.33318141]
 [0.33336582 0.33326645 0.33336772]
 [0.33334282 0.33336941 0.33328777]
 [0.33334427 0.33334832 0.33330742]
 [0.333283   0.33322994 0.33348706]
 [0.33336367 0.33339402 0.33324231]
 [0.33330259 0.33338121 0.33331621]
 [0.33347589 0.3331222  0.33340191]
 [0.33331626 0.33334794 0.3333358 ]
 [0.33334492 0.33318019 0.33347489]
 [0.33334288 0.33329723 0.33335989]
 [0.33334401 0.33338656 0.33326943]
 [0.33328003 0.33340617 0.33331379]
 [0.33328158 0.33329457 0.33342385]
 [0.33333882 0.33322146 0.33343971]
 [0.33332902 0.33327061 0.33340036]
 [0.33330285 0.33336927 0.33332788]
 [0.33334924 0.33331053 0.33334023]
 [0.33327329 0.33304379 0.33368292]
 [0.33333555 0.33326615 0.33339829]
 [0.33330592 0.33325162 0.33344246]
 [0.33334466 0.33331882 0.33333652]
 [0.33325833 0.33336671 0.33337496]
 [0.33336484 0.33333036 0.3333048 ]
 [0.33327871 0.33341968 0.3333016 ]
 [0.33332581 0.33333069 0.3333435 ]
 [0.33333677 0.33337574 0.3332875 ]
 [0.33335524 0.33340275 0.33324201]
 [0.33337315 0.33319057 0.33343628]
 [0.3332674  0.33340726 0.33332534]
 [0.33331547 0.33326342 0.3334211 ]
 [0.33321839 0.33338946 0.33339215]
 [0.33337861 0.33316427 0.33345712]
 [0.333276   0.33327573 0.33344826]
 [0.33327643 0.33341973 0.33330384]
 [0.33329593 0.33333118 0.33337288]
 [0.3333813  0.33326146 0.33335724]
 [0.33335473 0.33345262 0.33319265]
 [0.33327143 0.33342968 0.33329889]
 [0.33337269 0.33319165 0.33343566]
 [0.33333994 0.33352582 0.33313424]
 [0.33337213 0.33326779 0.33336008]
 [0.33325457 0.3334513  0.33329413]
 [0.33331536 0.33338731 0.33329733]
 [0.33331643 0.33340114 0.33328243]
 [0.33325949 0.33336683 0.33337368]
 [0.33329557 0.3333174  0.33338702]
 [0.33336609 0.33326303 0.33337089]
 [0.33330572 0.33361552 0.33307876]
 [0.33333471 0.33331326 0.33335202]
 [0.33331719 0.33336269 0.33332011]
 [0.33338359 0.33320961 0.33340679]
 [0.33326266 0.33348314 0.33325419]
 [0.33323358 0.33331061 0.33345581]
 [0.33330493 0.33341558 0.33327948]
 [0.33334444 0.33340605 0.33324952]
 [0.33331683 0.33339353 0.33328964]
 [0.33335251 0.33343461 0.33321288]
 [0.33333225 0.33339518 0.33327257]
 [0.33321758 0.33319572 0.3335867 ]
 [0.33332495 0.33346203 0.33321302]
 [0.33336334 0.33326273 0.33337393]
 [0.33332894 0.33340665 0.33326441]
 [0.33328995 0.33338481 0.33332524]
 [0.33339364 0.33326947 0.33333689]
 [0.33332085 0.33350141 0.33317774]
 [0.33331518 0.33321692 0.33346791]
 [0.33331696 0.33333688 0.33334616]
 [0.33333358 0.33330188 0.33336454]
 [0.33332421 0.33349836 0.33317743]
 [0.33330403 0.33346225 0.33323372]
 [0.3334211  0.33326597 0.33331292]
 [0.33332678 0.33344026 0.33323295]
 [0.3333129  0.33348041 0.33320669]
 [0.33339047 0.33344478 0.33316475]
 [0.33335801 0.33324408 0.33339792]
 [0.33325499 0.33334293 0.33340208]
 [0.33331425 0.33334055 0.3333452 ]
 [0.33331058 0.33338023 0.33330919]
 [0.33326954 0.33338116 0.3333493 ]
 [0.33334126 0.33331937 0.33333937]
 [0.33330638 0.33345088 0.33324274]
 [0.33333186 0.33337025 0.33329788]
 [0.33324282 0.33344933 0.33330785]
 [0.33332634 0.33328781 0.33338585]
 [0.33324907 0.33336521 0.33338572]
 [0.33329403 0.33329899 0.33340698]
 [0.33334845 0.33330065 0.3333509 ]
 [0.33327209 0.33327897 0.33344895]
 [0.33327619 0.33334956 0.33337425]
 [0.33336951 0.33336923 0.33326126]
 [0.33329277 0.33313402 0.33357321]
 [0.33331466 0.33335569 0.33332965]]
[INFO] predicting...
trump russia news story
-1.0
Confidence for each prediction: [-1 -1 -1 -1 -1 -1 -1 -1 -1 -1 -1 -1 -1 -1 -1 -1 -1 -1 -1 -1 -1 -1 -1]
donation organization surge trump order
-1.0
Confidence for each prediction: [-1 -1 -1 -1 -1 -1 -1 -1 -1 -1 -1 -1 -1 -1 -1 -1 -1 -1 -1 -1 -1 -1 -1 -1
 -1 -1 -1 -1 -1 -1 -1 -1 -1 -1 -1 -1 -1 -1 -1]
postcard past crossing syria
-1.0
Confidence for each prediction: [-1 -1 -1 -1 -1 -1 -1 -1 -1 -1 -1 -1 -1 -1 -1 -1 -1 -1 -1 -1 -1 -1 -1 -1
 -1 -1 -1 -1]
friday mailbag measuring crowd maligning region
-1.0
Confidence for each prediction: [-1 -1 -1 -1 -1 -1 -1 -1 -1 -1 -1 -1 -1 -1 -1 -1 -1 -1 -1 -1 -1 -1 -1 -1
 -1 -1 -1 -1 -1 -1 -1 -1 -1 -1 -1 -1 -1 -1 -1 -1 -1 -1 -1 -1 -1 -1 -1]
pendant found nazi death camp ruin may anne frank link
-1.0
Confidence for each prediction: [-1 -1 -1 -1 -1 -1 -1 -1 -1 -1 -1 -1 -1 -1 -1 -1 -1 -1 -1 -1 -1 -1 -1 -1
 -1 -1 -1 -1 -1 -1 -1 -1 -1 -1 -1 -1 -1 -1 -1 -1 -1 -1 -1 -1 -1 -1 -1 -1
 -1 -1 -1 -1 -1 -1]
trump unreality show echo business past
-1.0
Confidence for each prediction: [-1 -1 -1 -1 -1 -1 -1 -1 -1 -1 -1 -1 -1 -1 -1 -1 -1 -1 -1 -1 -1 -1 -1 -1
 -1 -1 -1 -1 -1 -1 -1 -1 -1 -1 -1 -1 -1 -1 -1]
weather apps download store winter
-1.0
Confidence for each prediction: [-1 -1 -1 -1 -1 -1 -1 -1 -1 -1 -1 -1 -1 -1 -1 -1 -1 -1 -1 -1 -1 -1 -1 -1
 -1 -1 -1 -1 -1 -1 -1 -1 -1 -1]
emotion pet care help explain human health spending
-1.0
Confidence for each prediction: [-1 -1 -1 -1 -1 -1 -1 -1 -1 -1 -1 -1 -1 -1 -1 -1 -1 -1 -1 -1 -1 -1 -1 -1
 -1 -1 -1 -1 -1 -1 -1 -1 -1 -1 -1 -1 -1 -1 -1 -1 -1 -1 -1 -1 -1 -1 -1 -1
 -1 -1 -1]
dress like woman mean
-1.0
Confidence for each prediction: [-1 -1 -1 -1 -1 -1 -1 -1 -1 -1 -1 -1 -1 -1 -1 -1 -1 -1 -1 -1 -1]
senate confirmation hearing begin without background check
-1.0
Confidence for each prediction: [-1 -1 -1 -1 -1 -1 -1 -1 -1 -1 -1 -1 -1 -1 -1 -1 -1 -1 -1 -1 -1 -1 -1 -1
 -1 -1 -1 -1 -1 -1 -1 -1 -1 -1 -1 -1 -1 -1 -1 -1 -1 -1 -1 -1 -1 -1 -1 -1
 -1 -1 -1 -1 -1 -1 -1 -1 -1 -1]
