The size of this dataset is 1000.0

Showing results for w2v and log Model
Training Accuarcy: 0.434
Test Accuracy 0.360
              precision    recall  f1-score   support

    Negative       0.28      0.35      0.31        46
    Positive       0.37      0.31      0.34        80
     Neutral       0.41      0.42      0.42        74

    accuracy                           0.36       200
   macro avg       0.35      0.36      0.35       200
weighted avg       0.37      0.36      0.36       200

![](../plots/plot_acc_20230820-1756.png)
Confidence for each prediction: [[0.33332656 0.33356311 0.33311033]
 [0.33338957 0.33331435 0.33329607]
 [0.33331965 0.33353421 0.33314614]
 [0.33335279 0.33325332 0.33339389]
 [0.33342423 0.33323349 0.33334229]
 [0.33331457 0.33345833 0.33322709]
 [0.33335032 0.33332974 0.33331994]
 [0.33335733 0.33322075 0.33342192]
 [0.33335002 0.33329882 0.33335115]
 [0.33337399 0.33328867 0.33333734]
 [0.33330675 0.33327603 0.33341723]
 [0.33336546 0.33322216 0.33341238]
 [0.33330999 0.33338934 0.33330067]
 [0.3333141  0.3333486  0.3333373 ]
 [0.33336377 0.33329509 0.33334114]
 [0.33325348 0.33340645 0.33334007]
 [0.3333302  0.33342935 0.33324044]
 [0.33325374 0.33344683 0.33329943]
 [0.3333277  0.33338386 0.33328844]
 [0.33328749 0.33339151 0.333321  ]
 [0.33328553 0.33338825 0.33332623]
 [0.33333275 0.33335278 0.33331447]
 [0.33330768 0.33327393 0.33341839]
 [0.33329292 0.33333726 0.33336982]
 [0.33335062 0.33329865 0.33335073]
 [0.33327337 0.33345089 0.33327574]
 [0.33333327 0.33329094 0.33337578]
 [0.33332695 0.33337477 0.33329828]
 [0.33330241 0.33331801 0.33337958]
 [0.33335443 0.33328249 0.33336308]
 [0.33332304 0.33329878 0.33337818]
 [0.33331452 0.3333706  0.33331488]
 [0.33330228 0.33327518 0.33342255]
 [0.33330207 0.33329731 0.33340061]
 [0.33325156 0.33343841 0.33331003]
 [0.33332233 0.33326776 0.33340991]
 [0.33342208 0.33337534 0.33320258]
 [0.33330734 0.33329926 0.3333934 ]
 [0.33349329 0.33316726 0.33333944]
 [0.3332411  0.33338787 0.33337103]
 [0.33335132 0.33334578 0.3333029 ]
 [0.33326404 0.33341482 0.33332114]
 [0.33332894 0.3333348  0.33333626]
 [0.33332561 0.33334967 0.33332471]
 [0.33326603 0.33330867 0.3334253 ]
 [0.33339654 0.33329668 0.33330677]
 [0.33329996 0.33338921 0.33331083]
 [0.33330534 0.33338314 0.33331151]
 [0.33333142 0.33328568 0.33338291]
 [0.33338719 0.33328074 0.33333207]
 [0.3333598  0.3333457  0.3332945 ]
 [0.33330113 0.33333992 0.33335895]
 [0.33333816 0.33323974 0.3334221 ]
 [0.33334233 0.33326113 0.33339654]
 [0.33330871 0.33329439 0.3333969 ]
 [0.33327932 0.3334235  0.33329718]
 [0.33327234 0.33332219 0.33340547]
 [0.33327119 0.33332381 0.333405  ]
 [0.3333517  0.33329489 0.33335341]
 [0.33334459 0.33331818 0.33333723]
 [0.33331345 0.33328732 0.33339923]
 [0.33325695 0.3333655  0.33337755]
 [0.33328309 0.33338035 0.33333656]
 [0.33337831 0.33327076 0.33335094]
 [0.33336683 0.33333067 0.3333025 ]
 [0.33330068 0.33338292 0.33331641]
 [0.33338928 0.33326295 0.33334777]
 [0.33326664 0.33337446 0.33335889]
 [0.33342424 0.33320502 0.33337074]
 [0.33336366 0.33337155 0.33326479]
 [0.33344268 0.33321019 0.33334714]
 [0.33330291 0.33342795 0.33326914]
 [0.33336781 0.33328343 0.33334877]
 [0.33335127 0.33332912 0.3333196 ]
 [0.33331662 0.33334626 0.33333712]
 [0.3332896  0.33332551 0.33338489]
 [0.33326432 0.33331217 0.33342351]
 [0.33328885 0.33336928 0.33334187]
 [0.3333339  0.33329041 0.33337568]
 [0.33338254 0.33332556 0.3332919 ]
 [0.33335061 0.3333403  0.3333091 ]
 [0.33322548 0.33338717 0.33338735]
 [0.33339326 0.3333701  0.33323664]
 [0.33331376 0.33330406 0.33338218]
 [0.33337875 0.33328778 0.33333347]
 [0.33332166 0.33333001 0.33334833]
 [0.33336186 0.33335844 0.3332797 ]
 [0.33324615 0.33347427 0.33327958]
 [0.33331967 0.3333259  0.33335443]
 [0.33340353 0.33333392 0.33326254]
 [0.33329325 0.33332646 0.33338029]
 [0.33337129 0.33327962 0.33334909]
 [0.33334268 0.3333803  0.33327701]
 [0.33333476 0.33327838 0.33338685]
 [0.3333799  0.33334991 0.33327019]
 [0.3333319  0.33334274 0.33332536]
 [0.33333422 0.33328165 0.33338413]
 [0.33332128 0.33336155 0.33331717]
 [0.33338601 0.33336998 0.33324401]
 [0.33335254 0.33324167 0.33340579]
 [0.33336097 0.3333121  0.33332693]
 [0.33333516 0.33328382 0.33338102]
 [0.33333333 0.33340084 0.33326583]
 [0.33330245 0.33336835 0.33332921]
 [0.33337586 0.33332395 0.33330019]
 [0.33329963 0.33340743 0.33329294]
 [0.3333216  0.33334987 0.33332852]
 [0.33329079 0.33339566 0.33331356]
 [0.33335587 0.33328077 0.33336336]
 [0.33331122 0.33330946 0.33337932]
 [0.33335166 0.33326504 0.33338331]
 [0.33326297 0.33333173 0.3334053 ]
 [0.33331572 0.3333725  0.33331179]
 [0.33337376 0.33332627 0.33329997]
 [0.33333832 0.33342574 0.33323594]
 [0.333301   0.33329486 0.33340414]
 [0.33341236 0.33327398 0.33331366]
 [0.33335306 0.3333284  0.33331854]
 [0.33341916 0.33333098 0.33324986]
 [0.33331262 0.3333214  0.33336598]
 [0.33331111 0.33330732 0.33338157]
 [0.33330758 0.33327755 0.33341486]
 [0.33336406 0.33323094 0.333405  ]
 [0.33329456 0.3333735  0.33333194]
 [0.33335068 0.3333269  0.33332241]
 [0.33327264 0.33327112 0.33345625]
 [0.33329118 0.33330883 0.33339999]
 [0.33328919 0.33335712 0.33335369]
 [0.33335335 0.33334528 0.33330137]
 [0.33331714 0.3333595  0.33332336]
 [0.333357   0.33337486 0.33326815]
 [0.33328383 0.33339594 0.33332023]
 [0.33336969 0.33330167 0.33332864]
 [0.33330705 0.33332894 0.33336401]
 [0.3333512  0.33338339 0.33326541]
 [0.33334012 0.33327225 0.33338763]
 [0.33329762 0.33332053 0.33338186]
 [0.33336022 0.33327023 0.33336955]
 [0.3332831  0.33329218 0.33342473]
 [0.33340237 0.33324229 0.33335534]
 [0.33332526 0.33327744 0.33339729]
 [0.33328339 0.33330629 0.33341031]
 [0.33331161 0.3333402  0.3333482 ]
 [0.33339475 0.33332127 0.33328399]
 [0.33332915 0.33347308 0.33319777]
 [0.33328661 0.33338674 0.33332665]
 [0.33337309 0.33325158 0.33337533]
 [0.33333946 0.33339529 0.33326525]
 [0.33341171 0.33322049 0.3333678 ]
 [0.33327183 0.33341681 0.33331136]
 [0.33334941 0.3332548  0.33339579]
 [0.33338795 0.33334826 0.33326379]
 [0.33329608 0.33331929 0.33338462]
 [0.33330027 0.33336213 0.3333376 ]
 [0.33338079 0.333306   0.33331321]
 [0.33334761 0.33334446 0.33330793]
 [0.33339558 0.33328171 0.33332271]
 [0.33333761 0.33331187 0.33335053]
 [0.33338077 0.333237   0.33338223]
 [0.33329398 0.33341229 0.33329373]
 [0.33328445 0.33336304 0.33335252]
 [0.33331434 0.33343558 0.33325007]
 [0.33334308 0.33339972 0.3332572 ]
 [0.33330329 0.333418   0.33327871]
 [0.33340132 0.33336196 0.33323672]
 [0.33334591 0.33333576 0.33331833]
 [0.3332443  0.33326401 0.33349169]
 [0.33329609 0.33342325 0.33328066]
 [0.33337581 0.33325892 0.33336526]
 [0.33330808 0.33341774 0.33327417]
 [0.33329812 0.33332636 0.33337552]
 [0.33337659 0.333315   0.3333084 ]
 [0.33339481 0.33326964 0.33333554]
 [0.33336713 0.33330415 0.33332873]
 [0.33334142 0.33337612 0.33328247]
 [0.33335222 0.33330116 0.33334662]
 [0.33335066 0.33340378 0.33324557]
 [0.33329455 0.33332962 0.33337583]
 [0.33343266 0.33327786 0.33328948]
 [0.33335949 0.33332163 0.33331888]
 [0.33332503 0.33338693 0.33328805]
 [0.3333816  0.33334385 0.33327456]
 [0.3333135  0.33337926 0.33330724]
 [0.3332835  0.3333355  0.333381  ]
 [0.33330359 0.33342767 0.33326874]
 [0.33330319 0.33337643 0.33332039]
 [0.33330828 0.33334241 0.33334931]
 [0.33336421 0.33327782 0.33335797]
 [0.33330428 0.33340026 0.33329547]
 [0.33334714 0.3333097  0.33334315]
 [0.33326272 0.33334049 0.33339679]
 [0.33332982 0.33333469 0.33333549]
 [0.33325639 0.33329424 0.33344936]
 [0.33327916 0.33335848 0.33336236]
 [0.33340699 0.33325694 0.33333607]
 [0.33334446 0.33331293 0.33334261]
 [0.33321552 0.3335023  0.33328218]
 [0.33339123 0.33340728 0.33320149]
 [0.33328242 0.33319326 0.33352432]
 [0.33333494 0.33327139 0.33339366]]
[INFO] predicting...
trump russia news story
Confidence for each prediction: -1
donation organization surge trump order
Confidence for each prediction: -1
postcard past crossing syria
Confidence for each prediction: -1
friday mailbag measuring crowd maligning region
Confidence for each prediction: -1
pendant found nazi death camp ruin may anne frank link
Confidence for each prediction: -1
trump unreality show echo business past
Confidence for each prediction: -1
weather apps download store winter
Confidence for each prediction: -1
emotion pet care help explain human health spending
Confidence for each prediction: -1
dress like woman mean
Confidence for each prediction: -1
senate confirmation hearing begin without background check
Confidence for each prediction: -1
