The size of this dataset is 2000.0

Showing results for w2v and log Model
Training Accuarcy: 0.425
Test Accuracy 0.350
              precision    recall  f1-score   support

    Negative       0.28      0.54      0.37        46
    Positive       0.43      0.36      0.39        80
     Neutral       0.38      0.22      0.28        74

    accuracy                           0.35       200
   macro avg       0.36      0.37      0.35       200
weighted avg       0.38      0.35      0.34       200

![](../plots/plot_acc_20230817-1602.png)
Confidence for each prediction: [[0.33325154 0.33378015 0.33296831]
 [0.3336723  0.33315387 0.33317384]
 [0.33336373 0.33369061 0.33294567]
 [0.33352638 0.33311337 0.33336025]
 [0.33361822 0.33313557 0.33324621]
 [0.33317843 0.33359607 0.3332255 ]
 [0.33340566 0.33328799 0.33330635]
 [0.33347774 0.33305219 0.33347007]
 [0.33334759 0.33332582 0.33332659]
 [0.33359664 0.3331143  0.33328907]
 [0.33323318 0.3333436  0.33342322]
 [0.33356847 0.33305544 0.33337609]
 [0.33311097 0.33355377 0.33333526]
 [0.33326367 0.33344234 0.33329399]
 [0.33352972 0.33323843 0.33323186]
 [0.33285648 0.33365834 0.33348518]
 [0.33334569 0.33342352 0.33323079]
 [0.33297819 0.33372276 0.33329906]
 [0.33323446 0.3335197  0.33324584]
 [0.33310927 0.33351666 0.33337407]
 [0.33306202 0.33355856 0.33337942]
 [0.33344368 0.33334061 0.3332157 ]
 [0.33330614 0.33323578 0.33345809]
 [0.33324608 0.3333795  0.33337442]
 [0.33343419 0.33326772 0.3332981 ]
 [0.33306319 0.33370536 0.33323145]
 [0.33351949 0.33313921 0.3333413 ]
 [0.33336768 0.33345478 0.33317754]
 [0.33327407 0.33322993 0.333496  ]
 [0.33340004 0.33325175 0.33334821]
 [0.33326726 0.33333271 0.33340003]
 [0.33321769 0.33345307 0.33332925]
 [0.33322876 0.33330645 0.33346479]
 [0.33315023 0.33342183 0.33342794]
 [0.33286648 0.33381676 0.33331676]
 [0.33334701 0.3331889  0.33346409]
 [0.33359309 0.33331651 0.3330904 ]
 [0.3332713  0.33337037 0.33335832]
 [0.33399792 0.33273669 0.33326538]
 [0.33305936 0.33352159 0.33341905]
 [0.33344    0.33333381 0.3332262 ]
 [0.33301692 0.33368186 0.33330122]
 [0.33333882 0.33330204 0.33335914]
 [0.33341119 0.33328151 0.3333073 ]
 [0.3330881  0.33346587 0.33344603]
 [0.33365499 0.33311401 0.333231  ]
 [0.33319783 0.33351168 0.33329049]
 [0.33314995 0.33349815 0.3333519 ]
 [0.33323097 0.33339934 0.33336969]
 [0.33361274 0.33316693 0.33322033]
 [0.33351269 0.33318751 0.3332998 ]
 [0.33327672 0.33339592 0.33332736]
 [0.3333669  0.33325482 0.33337828]
 [0.33347303 0.33315705 0.33336992]
 [0.33329098 0.33320538 0.33350365]
 [0.33310124 0.33351692 0.33338184]
 [0.33308283 0.33339661 0.33352057]
 [0.33297937 0.33350113 0.33351949]
 [0.33340863 0.33327278 0.33331859]
 [0.33343663 0.3332253  0.33333807]
 [0.33333337 0.33318922 0.33347741]
 [0.33311739 0.33347554 0.33340707]
 [0.333069   0.33355578 0.33337522]
 [0.33363739 0.33298691 0.33337571]
 [0.33351885 0.33327704 0.3332041 ]
 [0.33320545 0.33348937 0.33330518]
 [0.33359775 0.33304611 0.33335614]
 [0.33307393 0.33355612 0.33336995]
 [0.3338286  0.3329002  0.33327119]
 [0.33336716 0.33345111 0.33318172]
 [0.33391684 0.33292389 0.33315928]
 [0.33319664 0.333619   0.33318435]
 [0.33371783 0.33305791 0.33322426]
 [0.33328035 0.33334304 0.33337661]
 [0.33318104 0.33344224 0.33337673]
 [0.33311041 0.33339402 0.33349557]
 [0.33309699 0.33338311 0.3335199 ]
 [0.3331651  0.33341838 0.33341651]
 [0.3332317  0.33337724 0.33339106]
 [0.33357217 0.33318454 0.33324329]
 [0.33344511 0.33325784 0.33329705]
 [0.33299324 0.33344825 0.3335585 ]
 [0.33359348 0.33332533 0.3330812 ]
 [0.33330801 0.3332266  0.3334654 ]
 [0.33349838 0.33318787 0.33331376]
 [0.33332694 0.33332604 0.33334702]
 [0.33354231 0.33319077 0.33326692]
 [0.3329236  0.33377417 0.33330223]
 [0.33326357 0.33335791 0.33337852]
 [0.33355088 0.3331973  0.33325182]
 [0.33304987 0.33349979 0.33345034]
 [0.33355476 0.33313693 0.33330831]
 [0.3334051  0.33337125 0.33322365]
 [0.33333655 0.33328248 0.33338098]
 [0.33416598 0.33288927 0.33294474]
 [0.33337795 0.33327521 0.33334684]
 [0.33341876 0.3331681  0.33341314]
 [0.33339465 0.33331184 0.33329352]
 [0.33349788 0.33335051 0.33315161]
 [0.33348823 0.33313138 0.33338039]
 [0.33350522 0.3331819  0.33331288]
 [0.33344691 0.33313502 0.33341808]
 [0.33339333 0.33336706 0.3332396 ]
 [0.33324336 0.33341181 0.33334483]
 [0.33364196 0.33313369 0.33322434]
 [0.33324736 0.33347968 0.33327297]
 [0.33330846 0.33334058 0.33335097]
 [0.33314026 0.33360094 0.33325879]
 [0.33351023 0.33305298 0.33343679]
 [0.3333356  0.33322834 0.33343606]
 [0.33342768 0.33318935 0.33338297]
 [0.33292989 0.33347742 0.3335927 ]
 [0.33341945 0.33330392 0.33327662]
 [0.3335364  0.33323986 0.33322374]
 [0.33391937 0.33323599 0.33284464]
 [0.33319829 0.33331646 0.33348525]
 [0.33365992 0.33310399 0.33323609]
 [0.33342952 0.33318875 0.33338173]
 [0.33357032 0.33326168 0.333168  ]
 [0.33317938 0.33340969 0.33341093]
 [0.33319491 0.33341693 0.33338817]
 [0.33341289 0.33314563 0.33344148]
 [0.3335275  0.3330406  0.3334319 ]
 [0.33311153 0.33346876 0.33341972]
 [0.33352079 0.33320784 0.33327137]
 [0.33310108 0.33327474 0.33362418]
 [0.33327558 0.3333138  0.33341062]
 [0.33322305 0.33334051 0.33343644]
 [0.33342469 0.33329722 0.33327809]
 [0.33320099 0.33347982 0.3333192 ]
 [0.33345685 0.33332135 0.3332218 ]
 [0.33300819 0.33364985 0.33334197]
 [0.3334369  0.33330431 0.33325879]
 [0.33336044 0.33326556 0.333374  ]
 [0.33340131 0.33337968 0.33321901]
 [0.33350907 0.3331214  0.33336952]
 [0.33318705 0.33341197 0.33340098]
 [0.33351615 0.333141   0.33334285]
 [0.33299629 0.33347911 0.3335246 ]
 [0.33354617 0.33310085 0.33335297]
 [0.33318347 0.33332862 0.33348791]
 [0.33313301 0.33346775 0.33339924]
 [0.3330914  0.33355074 0.33335786]
 [0.33364837 0.33311269 0.33323894]
 [0.33325008 0.33352132 0.3332286 ]
 [0.33315813 0.33353622 0.33330564]
 [0.33357784 0.33305383 0.33336833]
 [0.33343013 0.33340811 0.33316175]
 [0.33376233 0.33304424 0.33319343]
 [0.33310774 0.33358104 0.33331122]
 [0.33342503 0.33318668 0.33338829]
 [0.33339414 0.33336322 0.33324264]
 [0.33316489 0.33340928 0.33342583]
 [0.33314847 0.33347414 0.33337739]
 [0.3335048  0.33315902 0.33333618]
 [0.33343426 0.3333662  0.33319954]
 [0.33371146 0.3330519  0.33323664]
 [0.3333338  0.33333601 0.33333019]
 [0.3335511  0.33303325 0.33341565]
 [0.33311239 0.33363257 0.33325503]
 [0.33304104 0.33353846 0.3334205 ]
 [0.33318173 0.33357827 0.33324   ]
 [0.33340798 0.33339494 0.33319708]
 [0.33329896 0.33344123 0.33325981]
 [0.33365195 0.33320682 0.33314123]
 [0.33329486 0.33340962 0.33329552]
 [0.33286306 0.33343392 0.33370303]
 [0.33332259 0.33339258 0.33328483]
 [0.33361672 0.33305596 0.33332732]
 [0.33325245 0.33343073 0.33331682]
 [0.33314068 0.33342521 0.33343412]
 [0.33357378 0.33319021 0.33323601]
 [0.33373553 0.33309129 0.33317318]
 [0.33345897 0.33314316 0.33339788]
 [0.33324311 0.33348288 0.33327401]
 [0.3335182  0.33318135 0.33330045]
 [0.33341771 0.33349672 0.33308557]
 [0.3331288  0.33353298 0.33333822]
 [0.3337953  0.33300978 0.33319492]
 [0.33343779 0.33334041 0.3332218 ]
 [0.3333714  0.33338606 0.33324253]
 [0.33366289 0.3332021  0.33313501]
 [0.33342703 0.33321364 0.33335933]
 [0.33309914 0.33341792 0.33348294]
 [0.33300264 0.33365998 0.33333738]
 [0.33321253 0.33340598 0.33338149]
 [0.33321737 0.33340108 0.33338155]
 [0.33350464 0.33318717 0.33330818]
 [0.33330689 0.33341315 0.33327996]
 [0.33327606 0.33332855 0.33339539]
 [0.3329665  0.33353098 0.33350252]
 [0.33337292 0.33326154 0.33336553]
 [0.33305961 0.33339477 0.33354562]
 [0.33315341 0.33344343 0.33340315]
 [0.33363565 0.33311865 0.3332457 ]
 [0.33343095 0.3332978  0.33327125]
 [0.33285968 0.33368873 0.33345159]
 [0.33353917 0.33333344 0.33312739]
 [0.33318398 0.33305895 0.33375707]
 [0.33330635 0.33328496 0.33340869]]
[INFO] predicting...
trump russia news story
-1.0
Confidence for each prediction: [-1 -1 -1 -1 -1 -1 -1 -1 -1 -1 -1 -1 -1 -1 -1 -1 -1 -1 -1 -1 -1 -1 -1]
donation organization surge trump order
-1.0
Confidence for each prediction: [-1 -1 -1 -1 -1 -1 -1 -1 -1 -1 -1 -1 -1 -1 -1 -1 -1 -1 -1 -1 -1 -1 -1 -1
 -1 -1 -1 -1 -1 -1 -1 -1 -1 -1 -1 -1 -1 -1 -1]
postcard past crossing syria
-1.0
Confidence for each prediction: [-1 -1 -1 -1 -1 -1 -1 -1 -1 -1 -1 -1 -1 -1 -1 -1 -1 -1 -1 -1 -1 -1 -1 -1
 -1 -1 -1 -1]
friday mailbag measuring crowd maligning region
-1.0
Confidence for each prediction: [-1 -1 -1 -1 -1 -1 -1 -1 -1 -1 -1 -1 -1 -1 -1 -1 -1 -1 -1 -1 -1 -1 -1 -1
 -1 -1 -1 -1 -1 -1 -1 -1 -1 -1 -1 -1 -1 -1 -1 -1 -1 -1 -1 -1 -1 -1 -1]
pendant found nazi death camp ruin may anne frank link
-1.0
Confidence for each prediction: [-1 -1 -1 -1 -1 -1 -1 -1 -1 -1 -1 -1 -1 -1 -1 -1 -1 -1 -1 -1 -1 -1 -1 -1
 -1 -1 -1 -1 -1 -1 -1 -1 -1 -1 -1 -1 -1 -1 -1 -1 -1 -1 -1 -1 -1 -1 -1 -1
 -1 -1 -1 -1 -1 -1]
trump unreality show echo business past
-1.0
Confidence for each prediction: [-1 -1 -1 -1 -1 -1 -1 -1 -1 -1 -1 -1 -1 -1 -1 -1 -1 -1 -1 -1 -1 -1 -1 -1
 -1 -1 -1 -1 -1 -1 -1 -1 -1 -1 -1 -1 -1 -1 -1]
weather apps download store winter
-1.0
Confidence for each prediction: [-1 -1 -1 -1 -1 -1 -1 -1 -1 -1 -1 -1 -1 -1 -1 -1 -1 -1 -1 -1 -1 -1 -1 -1
 -1 -1 -1 -1 -1 -1 -1 -1 -1 -1]
emotion pet care help explain human health spending
-1.0
Confidence for each prediction: [-1 -1 -1 -1 -1 -1 -1 -1 -1 -1 -1 -1 -1 -1 -1 -1 -1 -1 -1 -1 -1 -1 -1 -1
 -1 -1 -1 -1 -1 -1 -1 -1 -1 -1 -1 -1 -1 -1 -1 -1 -1 -1 -1 -1 -1 -1 -1 -1
 -1 -1 -1]
dress like woman mean
-1.0
Confidence for each prediction: [-1 -1 -1 -1 -1 -1 -1 -1 -1 -1 -1 -1 -1 -1 -1 -1 -1 -1 -1 -1 -1]
senate confirmation hearing begin without background check
-1.0
Confidence for each prediction: [-1 -1 -1 -1 -1 -1 -1 -1 -1 -1 -1 -1 -1 -1 -1 -1 -1 -1 -1 -1 -1 -1 -1 -1
 -1 -1 -1 -1 -1 -1 -1 -1 -1 -1 -1 -1 -1 -1 -1 -1 -1 -1 -1 -1 -1 -1 -1 -1
 -1 -1 -1 -1 -1 -1 -1 -1 -1 -1]
