The size of this dataset is 2000.0

Showing results for tfidf and svm Model
Training Accuarcy: 0.922
Test Accuracy 0.540
              precision    recall  f1-score   support

    Negative       0.38      0.37      0.37        46
    Positive       0.60      0.65      0.63        80
     Neutral       0.57      0.53      0.55        74

    accuracy                           0.54       200
   macro avg       0.52      0.52      0.52       200
weighted avg       0.54      0.54      0.54       200

![](../plots/plot_acc_20230817-1604.png)
Confidence for each prediction: [[0.27492162 0.40306197 0.32201641]
 [0.12461648 0.06922967 0.80615385]
 [0.31505228 0.34465042 0.34029731]
 [0.28566216 0.44749199 0.26684585]
 [0.27506879 0.63800525 0.08692595]
 [0.24552109 0.55005499 0.20442392]
 [0.3026266  0.30944344 0.38792996]
 [0.04593012 0.04743692 0.90663296]
 [0.15637956 0.60634657 0.23727387]
 [0.51788567 0.14094234 0.34117199]
 [0.16449052 0.6199931  0.21551638]
 [0.17135993 0.19769656 0.63094352]
 [0.24221505 0.17178591 0.58599904]
 [0.06665217 0.12817795 0.80516988]
 [0.33022876 0.15638123 0.51339001]
 [0.49793086 0.16025231 0.34181683]
 [0.12378916 0.42662178 0.44958907]
 [0.16850389 0.32640109 0.50509503]
 [0.17121502 0.54003441 0.28875057]
 [0.35598959 0.31023659 0.33377382]
 [0.24322273 0.5178274  0.23894988]
 [0.19757413 0.59596775 0.20645813]
 [0.36137083 0.26739631 0.37123286]
 [0.28953377 0.12421406 0.58625217]
 [0.18036268 0.36676968 0.45286764]
 [0.0714448  0.19081123 0.73774396]
 [0.30702585 0.56742628 0.12554787]
 [0.289886   0.38599971 0.32411429]
 [0.56360265 0.28744028 0.14895707]
 [0.32025577 0.3071184  0.37262583]
 [0.34550393 0.49378457 0.1607115 ]
 [0.60993153 0.20594893 0.18411954]
 [0.11476987 0.63807941 0.24715072]
 [0.15012485 0.71485753 0.13501762]
 [0.30811451 0.26799649 0.423889  ]
 [0.41136609 0.32940215 0.25923176]
 [0.13192201 0.1491685  0.71890949]
 [0.1933778  0.61837263 0.18824957]
 [0.289886   0.38599971 0.32411429]
 [0.4365337  0.26825959 0.29520672]
 [0.29540257 0.16285403 0.5417434 ]
 [0.15684656 0.65542134 0.18773211]
 [0.49557084 0.35117431 0.15325485]
 [0.14991914 0.16618299 0.68389787]
 [0.11598574 0.68720342 0.19681084]
 [0.50691875 0.17493707 0.31814418]
 [0.25424127 0.3618303  0.38392843]
 [0.2446171  0.57156232 0.18382058]
 [0.50704641 0.22652703 0.26642656]
 [0.34317257 0.53377598 0.12305145]
 [0.18552064 0.49529192 0.31918744]
 [0.26285475 0.18236349 0.55478176]
 [0.17161316 0.66305514 0.1653317 ]
 [0.16876099 0.40735179 0.42388722]
 [0.38338571 0.40162196 0.21499233]
 [0.26929613 0.59250881 0.13819506]
 [0.22517359 0.21181785 0.56300856]
 [0.29353247 0.46244507 0.24402246]
 [0.38184899 0.41285402 0.20529699]
 [0.46270973 0.15913235 0.37815793]
 [0.39010089 0.16036623 0.44953288]
 [0.4948333  0.3891097  0.116057  ]
 [0.19366534 0.47194584 0.33438882]
 [0.3621371  0.30383851 0.33402438]
 [0.2155515  0.34884505 0.43560346]
 [0.39345484 0.325368   0.28117716]
 [0.25174283 0.66626931 0.08198786]
 [0.15033998 0.48977594 0.35988409]
 [0.41910098 0.21910505 0.36179397]
 [0.13397555 0.4548062  0.41121825]
 [0.289886   0.38599971 0.32411429]
 [0.1643568  0.28217228 0.55347093]
 [0.1781189  0.4450364  0.3768447 ]
 [0.22458036 0.32506592 0.45035372]
 [0.23265873 0.51566288 0.25167839]
 [0.25030012 0.54633473 0.20336515]
 [0.15141355 0.49485375 0.35373269]
 [0.45211499 0.34833452 0.19955049]
 [0.12328964 0.52524315 0.35146721]
 [0.19551257 0.61823173 0.1862557 ]
 [0.21863524 0.35753603 0.42382873]
 [0.55214654 0.15533615 0.29251731]
 [0.16116009 0.27598141 0.5628585 ]
 [0.37926864 0.21721948 0.40351188]
 [0.12662507 0.17994938 0.69342555]
 [0.09783441 0.19014176 0.71202383]
 [0.10375138 0.26435056 0.63189806]
 [0.12458789 0.5643104  0.31110171]
 [0.13381514 0.77264984 0.09353502]
 [0.32673132 0.2573341  0.41593457]
 [0.1322108  0.16972958 0.69805961]
 [0.35441412 0.35906174 0.28652414]
 [0.42859691 0.26918967 0.30221342]
 [0.45551788 0.40855534 0.13592679]
 [0.62975902 0.22344308 0.14679789]
 [0.289886   0.38599971 0.32411429]
 [0.16937029 0.51643312 0.31419659]
 [0.28504694 0.21477189 0.50018117]
 [0.10407537 0.68955752 0.20636711]
 [0.12025691 0.62537371 0.25436938]
 [0.24507434 0.65616527 0.0987604 ]
 [0.34930636 0.29021952 0.36047412]
 [0.49901377 0.19243137 0.30855486]
 [0.06464053 0.85528341 0.08007606]
 [0.27796255 0.49455877 0.22747868]
 [0.362744   0.47621549 0.16104051]
 [0.06324532 0.20982702 0.72692766]
 [0.33336396 0.48257339 0.18406264]
 [0.289886   0.38599971 0.32411429]
 [0.21681151 0.49111633 0.29207216]
 [0.34222209 0.24239446 0.41538345]
 [0.0763707  0.08219934 0.84142996]
 [0.4387088  0.26084078 0.30045042]
 [0.23680067 0.17061608 0.59258325]
 [0.37641448 0.52129607 0.10228946]
 [0.15677886 0.74165637 0.10156477]
 [0.63161189 0.26149841 0.10688969]
 [0.20719534 0.60825051 0.18455415]
 [0.2240004  0.44904445 0.32695515]
 [0.05265049 0.08836112 0.8589884 ]
 [0.34791516 0.39615218 0.25593265]
 [0.22839191 0.33886543 0.43274266]
 [0.35416175 0.29837116 0.34746709]
 [0.38199668 0.29180603 0.32619729]
 [0.12401228 0.61017275 0.26581497]
 [0.09942923 0.20968276 0.69088801]
 [0.67472666 0.20353881 0.12173454]
 [0.06947893 0.06183252 0.86868855]
 [0.35022479 0.57243849 0.07733672]
 [0.21813355 0.46542609 0.31644036]
 [0.47022357 0.33696569 0.19281074]
 [0.14729932 0.43151909 0.42118159]
 [0.06619913 0.84885527 0.0849456 ]
 [0.14298715 0.18885972 0.66815313]
 [0.21344223 0.20143373 0.58512404]
 [0.17113272 0.28927085 0.53959643]
 [0.20246963 0.69921576 0.09831461]
 [0.20624817 0.55249989 0.24125195]
 [0.09574109 0.38006167 0.52419724]
 [0.16771955 0.34735377 0.48492668]
 [0.27542348 0.25911405 0.46546247]
 [0.13514863 0.31240047 0.5524509 ]
 [0.08685389 0.86939732 0.04374879]
 [0.48850317 0.17859683 0.33290001]
 [0.3157549  0.31635536 0.36788974]
 [0.14533065 0.38369662 0.47097273]
 [0.24121067 0.04340048 0.71538885]
 [0.43338593 0.33884372 0.22777035]
 [0.30810053 0.44840987 0.2434896 ]
 [0.30919171 0.39861549 0.29219279]
 [0.31049729 0.3544507  0.33505201]
 [0.45334624 0.4182047  0.12844906]
 [0.24039143 0.44571937 0.31388919]
 [0.11836088 0.77505537 0.10658375]
 [0.16980971 0.6151922  0.21499809]
 [0.16796159 0.58915343 0.24288499]
 [0.21495362 0.20359701 0.58144937]
 [0.15318507 0.19072166 0.65609327]
 [0.28958685 0.47522231 0.23519084]
 [0.26151222 0.25635937 0.48212841]
 [0.16689619 0.18578337 0.64732044]
 [0.19087243 0.54700013 0.26212744]
 [0.31268186 0.44475723 0.2425609 ]
 [0.38467444 0.4521547  0.16317086]
 [0.36099444 0.46750409 0.17150147]
 [0.19141572 0.49792376 0.31066052]
 [0.12180139 0.13021406 0.74798455]
 [0.43293286 0.32843402 0.23863313]
 [0.11907547 0.25464326 0.62628128]
 [0.17185338 0.72104999 0.10709663]
 [0.46486426 0.1399035  0.39523224]
 [0.36032079 0.21986949 0.41980973]
 [0.16041756 0.59470261 0.24487983]
 [0.54758587 0.25104085 0.20137328]
 [0.20495909 0.08339431 0.7116466 ]
 [0.33877835 0.15220197 0.50901968]
 [0.15282385 0.42026511 0.42691104]
 [0.26683364 0.49878742 0.23437894]
 [0.33349992 0.43179142 0.23470866]
 [0.55259149 0.19623699 0.25117153]
 [0.42442678 0.32720283 0.2483704 ]
 [0.22584121 0.12295762 0.65120117]
 [0.78187466 0.13331906 0.08480628]
 [0.35503473 0.46316084 0.18180442]
 [0.08545018 0.13324067 0.78130915]
 [0.29524976 0.62101285 0.08373739]
 [0.26176257 0.64255298 0.09568445]
 [0.29752465 0.39361349 0.30886185]
 [0.23690134 0.2957632  0.46733546]
 [0.12294872 0.52469237 0.35235892]
 [0.31558188 0.20712554 0.47729258]
 [0.29389924 0.51384693 0.19225383]
 [0.41518234 0.38687667 0.19794099]
 [0.22192944 0.18609182 0.59197874]
 [0.60988779 0.13585418 0.25425803]
 [0.20776233 0.52643926 0.26579841]
 [0.49438748 0.20111261 0.30449991]
 [0.37378868 0.34044324 0.28576808]
 [0.11958431 0.53812283 0.34229286]
 [0.29220875 0.32473084 0.38306041]]
[INFO] predicting...
trump russia news story
0.0
Confidence for each prediction: [0 0 0 0 0 0 0 0 0 0 0 0 0 0 0 0 0 0 0 0 0 0 0]
donation organization surge trump order
0.0
Confidence for each prediction: [0 0 0 0 0 0 0 0 0 0 0 0 0 0 0 0 0 0 0 0 0 0 0 0 0 0 0 0 0 0 0 0 0 0 0 0 0
 0 0]
postcard past crossing syria
0.0
Confidence for each prediction: [0 0 0 0 0 0 0 0 0 0 0 0 0 0 0 0 0 0 0 0 0 0 0 0 0 0 0 0]
friday mailbag measuring crowd maligning region
0.0
Confidence for each prediction: [0 0 0 0 0 0 0 0 0 0 0 0 0 0 0 0 0 0 0 0 0 0 0 0 0 0 0 0 0 0 0 0 0 0 0 0 0
 0 0 0 0 0 0 0 0 0 0]
pendant found nazi death camp ruin may anne frank link
0.0
Confidence for each prediction: [0 0 0 0 0 0 0 0 0 0 0 0 0 0 0 0 0 0 0 0 0 0 0 0 0 0 0 0 0 0 0 0 0 0 0 0 0
 0 0 0 0 0 0 0 0 0 0 0 0 0 0 0 0 0]
trump unreality show echo business past
0.0
Confidence for each prediction: [0 0 0 0 0 0 0 0 0 0 0 0 0 0 0 0 0 0 0 0 0 0 0 0 0 0 0 0 0 0 0 0 0 0 0 0 0
 0 0]
weather apps download store winter
0.0
Confidence for each prediction: [0 0 0 0 0 0 0 0 0 0 0 0 0 0 0 0 0 0 0 0 0 0 0 0 0 0 0 0 0 0 0 0 0 0]
emotion pet care help explain human health spending
0.0
Confidence for each prediction: [0 0 0 0 0 0 0 0 0 0 0 0 0 0 0 0 0 0 0 0 0 0 0 0 0 0 0 0 0 0 0 0 0 0 0 0 0
 0 0 0 0 0 0 0 0 0 0 0 0 0 0]
dress like woman mean
0.0
Confidence for each prediction: [0 0 0 0 0 0 0 0 0 0 0 0 0 0 0 0 0 0 0 0 0]
senate confirmation hearing begin without background check
0.0
Confidence for each prediction: [0 0 0 0 0 0 0 0 0 0 0 0 0 0 0 0 0 0 0 0 0 0 0 0 0 0 0 0 0 0 0 0 0 0 0 0 0
 0 0 0 0 0 0 0 0 0 0 0 0 0 0 0 0 0 0 0 0 0]
